composite plate notes:

layers = [0.01,-45.0,10000000,1000000,0.1,5000000,0,0,0; ...
    0.08,0.0,300000,300000,0.3,115380,0,0,0; ...
    0.01,45.0,10000000,1000000,0.1,5000000,0,0,0];

zMin = 0;
	
ABD =

   1.0e+05 *

   1.824296824296824  -0.360318560318560  -0.000000000000000   0.091214841214841  -0.018015928015928   0.020270270270270
  -0.360318560318560   1.824296824296824  -0.000000000000000  -0.018015928015928   0.091214841214841   0.020270270270270
  -0.000000000000000  -0.000000000000000   0.632844540540540   0.020270270270270   0.020270270270270   0.031642227027027
   0.091214841214841  -0.018015928015928   0.020270270270270   0.007874541207087  -0.001752125458617   0.002027027026824
  -0.018015928015928   0.091214841214841   0.020270270270270  -0.001752125458617   0.007874541207087   0.002027027026824
   0.020270270270270   0.020270270270270   0.031642227027027   0.002027027026824   0.002027027026824   0.002730439250177


ABDinv =

   0.000022710528241   0.000012130847248   0.000025553303533  -0.000274809876534  -0.000154765552448  -0.000235876526018
   0.000012130847248   0.000022710528241   0.000025553303533  -0.000154765552448  -0.000274809876534  -0.000235876526018
   0.000025553303533   0.000025553303533   0.000076019770294  -0.000275189544735  -0.000275189544735  -0.000851784663769
  -0.000274809876534  -0.000154765552448  -0.000275189544735   0.005496197529865   0.003095311048148   0.000000000002967
  -0.000154765552448  -0.000274809876534  -0.000275189544735   0.003095311048148   0.005496197529865   0.000000000002967
  -0.000235876526018  -0.000235876526018  -0.000851784663769   0.000000000002967   0.000000000002967   0.017035693271571


In tension, (Fz = 2.0):

    node 1: u = [0.0, 0.0, 0.0, -3.81151e-5, 0.0, -2.54781e-5]
	node 2: u = [4.54465e-5, -5.09563e-5, 3.92321e-4, -5.06438e-4, -5.50812e-4, -2.5429e-5]
	node 3: u = [0.0, 2.42536e-5, 0.0, 2.71945e-4, 0.0, -2.54937e-5]
	node 4: u = [4.53481e-5, -2.67339e-5, 1.57296e-4, -1.97441e-4, -5.48422e-4, -2.54445e-5]